-3
-2.99902
-2.99805
-2.99707
-2.99609
-2.99512
-2.99414
-2.99316
-2.99219
-2.99121
-2.99023
-2.98926
-2.98828
-2.9873
-2.98633
-2.98535
-2.98438
-2.9834
-2.98242
-2.98145
-2.98047
-2.97949
-2.97852
-2.97754
-2.97656
-2.97559
-2.97461
-2.97363
-2.97266
-2.97168
-2.9707
-2.96973
-2.96875
-2.96777
-2.9668
-2.96582
-2.96484
-2.96387
-2.96289
-2.96191
-2.96094
-2.95996
-2.95898
-2.95801
-2.95703
-2.95605
-2.95508
-2.9541
-2.95313
-2.95215
-2.95117
-2.9502
-2.94922
-2.94824
-2.94727
-2.94629
-2.94531
-2.94434
-2.94336
-2.94238
-2.94141
-2.94043
-2.93945
-2.93848
-2.9375
-2.93652
-2.93555
-2.93457
-2.93359
-2.93262
-2.93164
-2.93066
-2.92969
-2.92871
-2.92773
-2.92676
-2.92578
-2.9248
-2.92383
-2.92285
-2.92188
-2.9209
-2.91992
-2.91895
-2.91797
-2.91699
-2.91602
-2.91504
-2.91406
-2.91309
-2.91211
-2.91113
-2.91016
-2.90918
-2.9082
-2.90723
-2.90625
-2.90527
-2.9043
-2.90332
-2.90234
-2.90137
-2.90039
-2.89941
-2.89844
-2.89746
-2.89648
-2.89551
-2.89453
-2.89355
-2.89258
-2.8916
-2.89063
-2.88965
-2.88867
-2.8877
-2.88672
-2.88574
-2.88477
-2.88379
-2.88281
-2.88184
-2.88086
-2.87988
-2.87891
-2.87793
-2.87695
-2.87598
-2.875
-2.87402
-2.87305
-2.87207
-2.87109
-2.87012
-2.86914
-2.86816
-2.86719
-2.86621
-2.86523
-2.86426
-2.86328
-2.8623
-2.86133
-2.86035
-2.85938
-2.8584
-2.85742
-2.85645
-2.85547
-2.85449
-2.85352
-2.85254
-2.85156
-2.85059
-2.84961
-2.84863
-2.84766
-2.84668
-2.8457
-2.84473
-2.84375
-2.84277
-2.8418
-2.84082
-2.83984
-2.83887
-2.83789
-2.83691
-2.83594
-2.83496
-2.83398
-2.83301
-2.83203
-2.83105
-2.83008
-2.8291
-2.82813
-2.82715
-2.82617
-2.8252
-2.82422
-2.82324
-2.82227
-2.82129
-2.82031
-2.81934
-2.81836
-2.81738
-2.81641
-2.81543
-2.81445
-2.81348
-2.8125
-2.81152
-2.81055
-2.80957
-2.80859
-2.80762
-2.80664
-2.80566
-2.80469
-2.80371
-2.80273
-2.80176
-2.80078
-2.7998
-2.79883
-2.79785
-2.79688
-2.7959
-2.79492
-2.79395
-2.79297
-2.79199
-2.79102
-2.79004
-2.78906
-2.78809
-2.78711
-2.78613
-2.78516
-2.78418
-2.7832
-2.78223
-2.78125
-2.78027
-2.7793
-2.77832
-2.77734
-2.77637
-2.77539
-2.77441
-2.77344
-2.77246
-2.77148
-2.77051
-2.76953
-2.76855
-2.76758
-2.7666
-2.76563
-2.76465
-2.76367
-2.7627
-2.76172
-2.76074
-2.75977
-2.75879
-2.75781
-2.75684
-2.75586
-2.75488
-2.75391
-2.75293
-2.75195
-2.75098
-2.75
-2.74902
-2.74805
-2.74707
-2.74609
-2.74512
-2.74414
-2.74316
-2.74219
-2.74121
-2.74023
-2.73926
-2.73828
-2.7373
-2.73633
-2.73535
-2.73438
-2.7334
-2.73242
-2.73145
-2.73047
-2.72949
-2.72852
-2.72754
-2.72656
-2.72559
-2.72461
-2.72363
-2.72266
-2.72168
-2.7207
-2.71973
-2.71875
-2.71777
-2.7168
-2.71582
-2.71484
-2.71387
-2.71289
-2.71191
-2.71094
-2.70996
-2.70898
-2.70801
-2.70703
-2.70605
-2.70508
-2.7041
-2.70313
-2.70215
-2.70117
-2.7002
-2.69922
-2.69824
-2.69727
-2.69629
-2.69531
-2.69434
-2.69336
-2.69238
-2.69141
-2.69043
-2.68945
-2.68848
-2.6875
-2.68652
-2.68555
-2.68457
-2.68359
-2.68262
-2.68164
-2.68066
-2.67969
-2.67871
-2.67773
-2.67676
-2.67578
-2.6748
-2.67383
-2.67285
-2.67188
-2.6709
-2.66992
-2.66895
-2.66797
-2.66699
-2.66602
-2.66504
-2.66406
-2.66309
-2.66211
-2.66113
-2.66016
-2.65918
-2.6582
-2.65723
-2.65625
-2.65527
-2.6543
-2.65332
-2.65234
-2.65137
-2.65039
-2.64941
-2.64844
-2.64746
-2.64648
-2.64551
-2.64453
-2.64355
-2.64258
-2.6416
-2.64063
-2.63965
-2.63867
-2.6377
-2.63672
-2.63574
-2.63477
-2.63379
-2.63281
-2.63184
-2.63086
-2.62988
-2.62891
-2.62793
-2.62695
-2.62598
-2.625
-2.62402
-2.62305
-2.62207
-2.62109
-2.62012
-2.61914
-2.61816
-2.61719
-2.61621
-2.61523
-2.61426
-2.61328
-2.6123
-2.61133
-2.61035
-2.60938
-2.6084
-2.60742
-2.60645
-2.60547
-2.60449
-2.60352
-2.60254
-2.60156
-2.60059
-2.59961
-2.59863
-2.59766
-2.59668
-2.5957
-2.59473
-2.59375
-2.59277
-2.5918
-2.59082
-2.58984
-2.58887
-2.58789
-2.58691
-2.58594
-2.58496
-2.58398
-2.58301
-2.58203
-2.58105
-2.58008
-2.5791
-2.57813
-2.57715
-2.57617
-2.5752
-2.57422
-2.57324
-2.57227
-2.57129
-2.57031
-2.56934
-2.56836
-2.56738
-2.56641
-2.56543
-2.56445
-2.56348
-2.5625
-2.56152
-2.56055
-2.55957
-2.55859
-2.55762
-2.55664
-2.55566
-2.55469
-2.55371
-2.55273
-2.55176
-2.55078
-2.5498
-2.54883
-2.54785
-2.54688
-2.5459
-2.54492
-2.54395
-2.54297
-2.54199
-2.54102
-2.54004
-2.53906
-2.53809
-2.53711
-2.53613
-2.53516
-2.53418
-2.5332
-2.53223
-2.53125
-2.53027
-2.5293
-2.52832
-2.52734
-2.52637
-2.52539
-2.52441
-2.52344
-2.52246
-2.52148
-2.52051
-2.51953
-2.51855
-2.51758
-2.5166
-2.51562
-2.51465
-2.51367
-2.5127
-2.51172
-2.51074
-2.50977
-2.50879
-2.50781
-2.50684
-2.50586
-2.50488
-2.50391
-2.50293
-2.50195
-2.50098
-2.5
-2.49902
-2.49805
-2.49707
-2.49609
-2.49512
-2.49414
-2.49316
-2.49219
-2.49121
-2.49023
-2.48926
-2.48828
-2.4873
-2.48633
-2.48535
-2.48438
-2.4834
-2.48242
-2.48145
-2.48047
-2.47949
-2.47852
-2.47754
-2.47656
-2.47559
-2.47461
-2.47363
-2.47266
-2.47168
-2.4707
-2.46973
-2.46875
-2.46777
-2.4668
-2.46582
-2.46484
-2.46387
-2.46289
-2.46191
-2.46094
-2.45996
-2.45898
-2.45801
-2.45703
-2.45605
-2.45508
-2.4541
-2.45313
-2.45215
-2.45117
-2.4502
-2.44922
-2.44824
-2.44727
-2.44629
-2.44531
-2.44434
-2.44336
-2.44238
-2.44141
-2.44043
-2.43945
-2.43848
-2.4375
-2.43652
-2.43555
-2.43457
-2.43359
-2.43262
-2.43164
-2.43066
-2.42969
-2.42871
-2.42773
-2.42676
-2.42578
-2.4248
-2.42383
-2.42285
-2.42188
-2.4209
-2.41992
-2.41895
-2.41797
-2.41699
-2.41602
-2.41504
-2.41406
-2.41309
-2.41211
-2.41113
-2.41016
-2.40918
-2.4082
-2.40723
-2.40625
-2.40527
-2.4043
-2.40332
-2.40234
-2.40137
-2.40039
-2.39941
-2.39844
-2.39746
-2.39648
-2.39551
-2.39453
-2.39355
-2.39258
-2.3916
-2.39063
-2.38965
-2.38867
-2.3877
-2.38672
-2.38574
-2.38477
-2.38379
-2.38281
-2.38184
-2.38086
-2.37988
-2.37891
-2.37793
-2.37695
-2.37598
-2.375
-2.37402
-2.37305
-2.37207
-2.37109
-2.37012
-2.36914
-2.36816
-2.36719
-2.36621
-2.36523
-2.36426
-2.36328
-2.3623
-2.36133
-2.36035
-2.35938
-2.3584
-2.35742
-2.35645
-2.35547
-2.35449
-2.35352
-2.35254
-2.35156
-2.35059
-2.34961
-2.34863
-2.34766
-2.34668
-2.3457
-2.34473
-2.34375
-2.34277
-2.3418
-2.34082
-2.33984
-2.33887
-2.33789
-2.33691
-2.33594
-2.33496
-2.33398
-2.33301
-2.33203
-2.33105
-2.33008
-2.3291
-2.32813
-2.32715
-2.32617
-2.3252
-2.32422
-2.32324
-2.32227
-2.32129
-2.32031
-2.31934
-2.31836
-2.31738
-2.31641
-2.31543
-2.31445
-2.31348
-2.3125
-2.31152
-2.31055
-2.30957
-2.30859
-2.30762
-2.30664
-2.30566
-2.30469
-2.30371
-2.30273
-2.30176
-2.30078
-2.2998
-2.29883
-2.29785
-2.29688
-2.2959
-2.29492
-2.29395
-2.29297
-2.29199
-2.29102
-2.29004
-2.28906
-2.28809
-2.28711
-2.28613
-2.28516
-2.28418
-2.2832
-2.28223
-2.28125
-2.28027
-2.2793
-2.27832
-2.27734
-2.27637
-2.27539
-2.27441
-2.27344
-2.27246
-2.27148
-2.27051
-2.26953
-2.26855
-2.26758
-2.2666
-2.26563
-2.26465
-2.26367
-2.2627
-2.26172
-2.26074
-2.25977
-2.25879
-2.25781
-2.25684
-2.25586
-2.25488
-2.25391
-2.25293
-2.25195
-2.25098
-2.25
-2.24902
-2.24805
-2.24707
-2.24609
-2.24512
-2.24414
-2.24316
-2.24219
-2.24121
-2.24023
-2.23926
-2.23828
-2.2373
-2.23633
-2.23535
-2.23438
-2.2334
-2.23242
-2.23145
-2.23047
-2.22949
-2.22852
-2.22754
-2.22656
-2.22559
-2.22461
-2.22363
-2.22266
-2.22168
-2.2207
-2.21973
-2.21875
-2.21777
-2.2168
-2.21582
-2.21484
-2.21387
-2.21289
-2.21191
-2.21094
-2.20996
-2.20898
-2.20801
-2.20703
-2.20605
-2.20508
-2.2041
-2.20313
-2.20215
-2.20117
-2.2002
-2.19922
-2.19824
-2.19727
-2.19629
-2.19531
-2.19434
-2.19336
-2.19238
-2.19141
-2.19043
-2.18945
-2.18848
-2.1875
-2.18652
-2.18555
-2.18457
-2.18359
-2.18262
-2.18164
-2.18066
-2.17969
-2.17871
-2.17773
-2.17676
-2.17578
-2.1748
-2.17383
-2.17285
-2.17188
-2.1709
-2.16992
-2.16895
-2.16797
-2.16699
-2.16602
-2.16504
-2.16406
-2.16309
-2.16211
-2.16113
-2.16016
-2.15918
-2.1582
-2.15723
-2.15625
-2.15527
-2.1543
-2.15332
-2.15234
-2.15137
-2.15039
-2.14941
-2.14844
-2.14746
-2.14648
-2.14551
-2.14453
-2.14355
-2.14258
-2.1416
-2.14063
-2.13965
-2.13867
-2.1377
-2.13672
-2.13574
-2.13477
-2.13379
-2.13281
-2.13184
-2.13086
-2.12988
-2.12891
-2.12793
-2.12695
-2.12598
-2.125
-2.12402
-2.12305
-2.12207
-2.12109
-2.12012
-2.11914
-2.11816
-2.11719
-2.11621
-2.11523
-2.11426
-2.11328
-2.1123
-2.11133
-2.11035
-2.10938
-2.1084
-2.10742
-2.10645
-2.10547
-2.10449
-2.10352
-2.10254
-2.10156
-2.10059
-2.09961
-2.09863
-2.09766
-2.09668
-2.0957
-2.09473
-2.09375
-2.09277
-2.0918
-2.09082
-2.08984
-2.08887
-2.08789
-2.08691
-2.08594
-2.08496
-2.08398
-2.08301
-2.08203
-2.08105
-2.08008
-2.0791
-2.07813
-2.07715
-2.07617
-2.0752
-2.07422
-2.07324
-2.07227
-2.07129
-2.07031
-2.06934
-2.06836
-2.06738
-2.06641
-2.06543
-2.06445
-2.06348
-2.0625
-2.06152
-2.06055
-2.05957
-2.05859
-2.05762
-2.05664
-2.05566
-2.05469
-2.05371
-2.05273
-2.05176
-2.05078
-2.0498
-2.04883
-2.04785
-2.04688
-2.0459
-2.04492
-2.04395
-2.04297
-2.04199
-2.04102
-2.04004
-2.03906
-2.03809
-2.03711
-2.03613
-2.03516
-2.03418
-2.0332
-2.03223
-2.03125
-2.03027
-2.0293
-2.02832
-2.02734
-2.02637
-2.02539
-2.02441
-2.02344
-2.02246
-2.02148
-2.02051
-2.01953
-2.01855
-2.01758
-2.0166
-2.01563
-2.01465
-2.01367
-2.0127
-2.01172
-2.01074
-2.00977
-2.00879
-2.00781
-2.00684
-2.00586
-2.00488
-2.00391
-2.00293
-2.00195
-2.00098
-2
-1.99902
-1.99805
-1.99707
-1.99609
-1.99512
-1.99414
-1.99316
-1.99219
-1.99121
-1.99023
-1.98926
-1.98828
-1.9873
-1.98633
-1.98535
-1.98438
-1.9834
-1.98242
-1.98145
-1.98047
-1.97949
-1.97852
-1.97754
-1.97656
-1.97559
-1.97461
-1.97363
-1.97266
-1.97168
-1.9707
-1.96973
-1.96875
-1.96777
-1.9668
-1.96582
-1.96484
-1.96387
-1.96289
-1.96191
-1.96094
-1.95996
-1.95898
-1.95801
-1.95703
-1.95605
-1.95508
-1.9541
-1.95313
-1.95215
-1.95117
-1.9502
-1.94922
-1.94824
-1.94727
-1.94629
-1.94531
-1.94434
-1.94336
-1.94238
-1.94141
-1.94043
-1.93945
-1.93848
-1.9375
-1.93652
-1.93555
-1.93457
-1.93359
-1.93262
-1.93164
-1.93066
-1.92969
-1.92871
-1.92773
-1.92676
-1.92578
-1.9248
-1.92383
-1.92285
-1.92188
-1.9209
-1.91992
-1.91895
-1.91797
-1.91699
-1.91602
-1.91504
-1.91406
-1.91309
-1.91211
-1.91113
-1.91016
-1.90918
-1.9082
-1.90723
-1.90625
-1.90527
-1.9043
-1.90332
-1.90234
-1.90137
-1.90039
-1.89941
-1.89844
-1.89746
-1.89648
-1.89551
-1.89453
-1.89355
-1.89258
-1.8916
-1.89063
-1.88965
-1.88867
-1.8877
-1.88672
-1.88574
-1.88477
-1.88379
-1.88281
-1.88184
-1.88086
-1.87988
-1.87891
-1.87793
-1.87695
-1.87598
-1.875
-1.87402
-1.87305
-1.87207
-1.87109
-1.87012
-1.86914
-1.86816
-1.86719
-1.86621
-1.86523
-1.86426
-1.86328
-1.8623
-1.86133
-1.86035
-1.85938
-1.8584
-1.85742
-1.85645
-1.85547
-1.85449
-1.85352
-1.85254
-1.85156
-1.85059
-1.84961
-1.84863
-1.84766
-1.84668
-1.8457
-1.84473
-1.84375
-1.84277
-1.8418
-1.84082
-1.83984
-1.83887
-1.83789
-1.83691
-1.83594
-1.83496
-1.83398
-1.83301
-1.83203
-1.83105
-1.83008
-1.8291
-1.82813
-1.82715
-1.82617
-1.8252
-1.82422
-1.82324
-1.82227
-1.82129
-1.82031
-1.81934
-1.81836
-1.81738
-1.81641
-1.81543
-1.81445
-1.81348
-1.8125
-1.81152
-1.81055
-1.80957
-1.80859
-1.80762
-1.80664
-1.80566
-1.80469
-1.80371
-1.80273
-1.80176
-1.80078
-1.7998
-1.79883
-1.79785
-1.79688
-1.7959
-1.79492
-1.79395
-1.79297
-1.79199
-1.79102
-1.79004
-1.78906
-1.78809
-1.78711
-1.78613
-1.78516
-1.78418
-1.7832
-1.78223
-1.78125
-1.78027
-1.7793
-1.77832
-1.77734
-1.77637
-1.77539
-1.77441
-1.77344
-1.77246
-1.77148
-1.77051
-1.76953
-1.76855
-1.76758
-1.7666
-1.76563
-1.76465
-1.76367
-1.7627
-1.76172
-1.76074
-1.75977
-1.75879
-1.75781
-1.75684
-1.75586
-1.75488
-1.75391
-1.75293
-1.75195
-1.75098
-1.75
-1.74902
-1.74805
-1.74707
-1.74609
-1.74512
-1.74414
-1.74316
-1.74219
-1.74121
-1.74023
-1.73926
-1.73828
-1.7373
-1.73633
-1.73535
-1.73438
-1.7334
-1.73242
-1.73145
-1.73047
-1.72949
-1.72852
-1.72754
-1.72656
-1.72559
-1.72461
-1.72363
-1.72266
-1.72168
-1.7207
-1.71973
-1.71875
-1.71777
-1.7168
-1.71582
-1.71484
-1.71387
-1.71289
-1.71191
-1.71094
-1.70996
-1.70898
-1.70801
-1.70703
-1.70605
-1.70508
-1.7041
-1.70313
-1.70215
-1.70117
-1.7002
-1.69922
-1.69824
-1.69727
-1.69629
-1.69531
-1.69434
-1.69336
-1.69238
-1.69141
-1.69043
-1.68945
-1.68848
-1.6875
-1.68652
-1.68555
-1.68457
-1.68359
-1.68262
-1.68164
-1.68066
-1.67969
-1.67871
-1.67773
-1.67676
-1.67578
-1.6748
-1.67383
-1.67285
-1.67188
-1.6709
-1.66992
-1.66895
-1.66797
-1.66699
-1.66602
-1.66504
-1.66406
-1.66309
-1.66211
-1.66113
-1.66016
-1.65918
-1.6582
-1.65723
-1.65625
-1.65527
-1.6543
-1.65332
-1.65234
-1.65137
-1.65039
-1.64941
-1.64844
-1.64746
-1.64648
-1.64551
-1.64453
-1.64355
-1.64258
-1.6416
-1.64063
-1.63965
-1.63867
-1.6377
-1.63672
-1.63574
-1.63477
-1.63379
-1.63281
-1.63184
-1.63086
-1.62988
-1.62891
-1.62793
-1.62695
-1.62598
-1.625
-1.62402
-1.62305
-1.62207
-1.62109
-1.62012
-1.61914
-1.61816
-1.61719
-1.61621
-1.61523
-1.61426
-1.61328
-1.6123
-1.61133
-1.61035
-1.60938
-1.6084
-1.60742
-1.60645
-1.60547
-1.60449
-1.60352
-1.60254
-1.60156
-1.60059
-1.59961
-1.59863
-1.59766
-1.59668
-1.5957
-1.59473
-1.59375
-1.59277
-1.5918
-1.59082
-1.58984
-1.58887
-1.58789
-1.58691
-1.58594
-1.58496
-1.58398
-1.58301
-1.58203
-1.58105
-1.58008
-1.5791
-1.57813
-1.57715
-1.57617
-1.5752
-1.57422
-1.57324
-1.57227
-1.57129
-1.57031
-1.56934
-1.56836
-1.56738
-1.56641
-1.56543
-1.56445
-1.56348
-1.5625
-1.56152
-1.56055
-1.55957
-1.55859
-1.55762
-1.55664
-1.55566
-1.55469
-1.55371
-1.55273
-1.55176
-1.55078
-1.5498
-1.54883
-1.54785
-1.54688
-1.5459
-1.54492
-1.54395
-1.54297
-1.54199
-1.54102
-1.54004
-1.53906
-1.53809
-1.53711
-1.53613
-1.53516
-1.53418
-1.5332
-1.53223
-1.53125
-1.53027
-1.5293
-1.52832
-1.52734
-1.52637
-1.52539
-1.52441
-1.52344
-1.52246
-1.52148
-1.52051
-1.51953
-1.51855
-1.51758
-1.5166
-1.51563
-1.51465
-1.51367
-1.5127
-1.51172
-1.51074
-1.50977
-1.50879
-1.50781
-1.50684
-1.50586
-1.50488
-1.50391
-1.50293
-1.50195
-1.50098
-1.5
-1.49902
-1.49805
-1.49707
-1.49609
-1.49512
-1.49414
-1.49316
-1.49219
-1.49121
-1.49023
-1.48926
-1.48828
-1.4873
-1.48633
-1.48535
-1.48438
-1.4834
-1.48242
-1.48145
-1.48047
-1.47949
-1.47852
-1.47754
-1.47656
-1.47559
-1.47461
-1.47363
-1.47266
-1.47168
-1.4707
-1.46973
-1.46875
-1.46777
-1.4668
-1.46582
-1.46484
-1.46387
-1.46289
-1.46191
-1.46094
-1.45996
-1.45898
-1.45801
-1.45703
-1.45605
-1.45508
-1.4541
-1.45313
-1.45215
-1.45117
-1.4502
-1.44922
-1.44824
-1.44727
-1.44629
-1.44531
-1.44434
-1.44336
-1.44238
-1.44141
-1.44043
-1.43945
-1.43848
-1.4375
-1.43652
-1.43555
-1.43457
-1.43359
-1.43262
-1.43164
-1.43066
-1.42969
-1.42871
-1.42773
-1.42676
-1.42578
-1.4248
-1.42383
-1.42285
-1.42188
-1.4209
-1.41992
-1.41895
-1.41797
-1.41699
-1.41602
-1.41504
-1.41406
-1.41309
-1.41211
-1.41113
-1.41016
-1.40918
-1.4082
-1.40723
-1.40625
-1.40527
-1.4043
-1.40332
-1.40234
-1.40137
-1.40039
-1.39941
-1.39844
-1.39746
-1.39648
-1.39551
-1.39453
-1.39355
-1.39258
-1.3916
-1.39063
-1.38965
-1.38867
-1.3877
-1.38672
-1.38574
-1.38477
-1.38379
-1.38281
-1.38184
-1.38086
-1.37988
-1.37891
-1.37793
-1.37695
-1.37598
-1.375
-1.37402
-1.37305
-1.37207
-1.37109
-1.37012
-1.36914
-1.36816
-1.36719
-1.36621
-1.36523
-1.36426
-1.36328
-1.3623
-1.36133
-1.36035
-1.35938
-1.3584
-1.35742
-1.35645
-1.35547
-1.35449
-1.35352
-1.35254
-1.35156
-1.35059
-1.34961
-1.34863
-1.34766
-1.34668
-1.3457
-1.34473
-1.34375
-1.34277
-1.3418
-1.34082
-1.33984
-1.33887
-1.33789
-1.33691
-1.33594
-1.33496
-1.33398
-1.33301
-1.33203
-1.33105
-1.33008
-1.3291
-1.32813
-1.32715
-1.32617
-1.3252
-1.32422
-1.32324
-1.32227
-1.32129
-1.32031
-1.31934
-1.31836
-1.31738
-1.31641
-1.31543
-1.31445
-1.31348
-1.3125
-1.31152
-1.31055
-1.30957
-1.30859
-1.30762
-1.30664
-1.30566
-1.30469
-1.30371
-1.30273
-1.30176
-1.30078
-1.2998
-1.29883
-1.29785
-1.29688
-1.2959
-1.29492
-1.29395
-1.29297
-1.29199
-1.29102
-1.29004
-1.28906
-1.28809
-1.28711
-1.28613
-1.28516
-1.28418
-1.2832
-1.28223
-1.28125
-1.28027
-1.2793
-1.27832
-1.27734
-1.27637
-1.27539
-1.27441
-1.27344
-1.27246
-1.27148
-1.27051
-1.26953
-1.26855
-1.26758
-1.2666
-1.26563
-1.26465
-1.26367
-1.2627
-1.26172
-1.26074
-1.25977
-1.25879
-1.25781
-1.25684
-1.25586
-1.25488
-1.25391
-1.25293
-1.25195
-1.25098
-1.25
-1.24902
-1.24805
-1.24707
-1.24609
-1.24512
-1.24414
-1.24316
-1.24219
-1.24121
-1.24023
-1.23926
-1.23828
-1.2373
-1.23633
-1.23535
-1.23438
-1.2334
-1.23242
-1.23145
-1.23047
-1.22949
-1.22852
-1.22754
-1.22656
-1.22559
-1.22461
-1.22363
-1.22266
-1.22168
-1.2207
-1.21973
-1.21875
-1.21777
-1.2168
-1.21582
-1.21484
-1.21387
-1.21289
-1.21191
-1.21094
-1.20996
-1.20898
-1.20801
-1.20703
-1.20605
-1.20508
-1.2041
-1.20313
-1.20215
-1.20117
-1.2002
-1.19922
-1.19824
-1.19727
-1.19629
-1.19531
-1.19434
-1.19336
-1.19238
-1.19141
-1.19043
-1.18945
-1.18848
-1.1875
-1.18652
-1.18555
-1.18457
-1.18359
-1.18262
-1.18164
-1.18066
-1.17969
-1.17871
-1.17773
-1.17676
-1.17578
-1.1748
-1.17383
-1.17285
-1.17188
-1.1709
-1.16992
-1.16895
-1.16797
-1.16699
-1.16602
-1.16504
-1.16406
-1.16309
-1.16211
-1.16113
-1.16016
-1.15918
-1.1582
-1.15723
-1.15625
-1.15527
-1.1543
-1.15332
-1.15234
-1.15137
-1.15039
-1.14941
-1.14844
-1.14746
-1.14648
-1.14551
-1.14453
-1.14355
-1.14258
-1.1416
-1.14063
-1.13965
-1.13867
-1.1377
-1.13672
-1.13574
-1.13477
-1.13379
-1.13281
-1.13184
-1.13086
-1.12988
-1.12891
-1.12793
-1.12695
-1.12598
-1.125
-1.12402
-1.12305
-1.12207
-1.12109
-1.12012
-1.11914
-1.11816
-1.11719
-1.11621
-1.11523
-1.11426
-1.11328
-1.1123
-1.11133
-1.11035
-1.10938
-1.1084
-1.10742
-1.10645
-1.10547
-1.10449
-1.10352
-1.10254
-1.10156
-1.10059
-1.09961
-1.09863
-1.09766
-1.09668
-1.0957
-1.09473
-1.09375
-1.09277
-1.0918
-1.09082
-1.08984
-1.08887
-1.08789
-1.08691
-1.08594
-1.08496
-1.08398
-1.08301
-1.08203
-1.08105
-1.08008
-1.0791
-1.07813
-1.07715
-1.07617
-1.0752
-1.07422
-1.07324
-1.07227
-1.07129
-1.07031
-1.06934
-1.06836
-1.06738
-1.06641
-1.06543
-1.06445
-1.06348
-1.0625
-1.06152
-1.06055
-1.05957
-1.05859
-1.05762
-1.05664
-1.05566
-1.05469
-1.05371
-1.05273
-1.05176
-1.05078
-1.0498
-1.04883
-1.04785
-1.04688
-1.0459
-1.04492
-1.04395
-1.04297
-1.04199
-1.04102
-1.04004
-1.03906
-1.03809
-1.03711
-1.03613
-1.03516
-1.03418
-1.0332
-1.03223
-1.03125
-1.03027
-1.0293
-1.02832
-1.02734
-1.02637
-1.02539
-1.02441
-1.02344
-1.02246
-1.02148
-1.02051
-1.01953
-1.01855
-1.01758
-1.0166
-1.01563
-1.01465
-1.01367
-1.0127
-1.01172
-1.01074
-1.00977
-1.00879
-1.00781
-1.00684
-1.00586
-1.00488
-1.00391
-1.00293
-1.00195
-1.00098
-1
-0.999023
-0.998047
-0.99707
-0.996094
-0.995117
-0.994141
-0.993164
-0.992188
-0.991211
-0.990234
-0.989258
-0.988281
-0.987305
-0.986328
-0.985352
-0.984375
-0.983398
-0.982422
-0.981445
-0.980469
-0.979492
-0.978516
-0.977539
-0.976563
-0.975586
-0.974609
-0.973633
-0.972656
-0.97168
-0.970703
-0.969727
-0.96875
-0.967773
-0.966797
-0.96582
-0.964844
-0.963867
-0.962891
-0.961914
-0.960938
-0.959961
-0.958984
-0.958008
-0.957031
-0.956055
-0.955078
-0.954102
-0.953125
-0.952148
-0.951172
-0.950195
-0.949219
-0.948242
-0.947266
-0.946289
-0.945313
-0.944336
-0.943359
-0.942383
-0.941406
-0.94043
-0.939453
-0.938477
-0.9375
-0.936523
-0.935547
-0.93457
-0.933594
-0.932617
-0.931641
-0.930664
-0.929688
-0.928711
-0.927734
-0.926758
-0.925781
-0.924805
-0.923828
-0.922852
-0.921875
-0.920898
-0.919922
-0.918945
-0.917969
-0.916992
-0.916016
-0.915039
-0.914063
-0.913086
-0.912109
-0.911133
-0.910156
-0.90918
-0.908203
-0.907227
-0.90625
-0.905273
-0.904297
-0.90332
-0.902344
-0.901367
-0.900391
-0.899414
-0.898438
-0.897461
-0.896484
-0.895508
-0.894531
-0.893555
-0.892578
-0.891602
-0.890625
-0.889648
-0.888672
-0.887695
-0.886719
-0.885742
-0.884766
-0.883789
-0.882813
-0.881836
-0.880859
-0.879883
-0.878906
-0.87793
-0.876953
-0.875977
-0.875
-0.874023
-0.873047
-0.87207
-0.871094
-0.870117
-0.869141
-0.868164
-0.867188
-0.866211
-0.865234
-0.864258
-0.863281
-0.862305
-0.861328
-0.860352
-0.859375
-0.858398
-0.857422
-0.856445
-0.855469
-0.854492
-0.853516
-0.852539
-0.851563
-0.850586
-0.849609
-0.848633
-0.847656
-0.84668
-0.845703
-0.844727
-0.84375
-0.842773
-0.841797
-0.84082
-0.839844
-0.838867
-0.837891
-0.836914
-0.835938
-0.834961
-0.833984
-0.833008
-0.832031
-0.831055
-0.830078
-0.829102
-0.828125
-0.827148
-0.826172
-0.825195
-0.824219
-0.823242
-0.822266
-0.821289
-0.820313
-0.819336
-0.818359
-0.817383
-0.816406
-0.81543
-0.814453
-0.813477
-0.8125
-0.811523
-0.810547
-0.80957
-0.808594
-0.807617
-0.806641
-0.805664
-0.804687
-0.803711
-0.802734
-0.801758
-0.800781
-0.799805
-0.798828
-0.797852
-0.796875
-0.795898
-0.794922
-0.793945
-0.792969
-0.791992
-0.791016
-0.790039
-0.789062
-0.788086
-0.787109
-0.786133
-0.785156
-0.78418
-0.783203
-0.782227
-0.78125
-0.780273
-0.779297
-0.77832
-0.777344
-0.776367
-0.775391
-0.774414
-0.773437
-0.772461
-0.771484
-0.770508
-0.769531
-0.768555
-0.767578
-0.766602
-0.765625
-0.764648
-0.763672
-0.762695
-0.761719
-0.760742
-0.759766
-0.758789
-0.757812
-0.756836
-0.755859
-0.754883
-0.753906
-0.75293
-0.751953
-0.750977
-0.75
-0.749023
-0.748047
-0.74707
-0.746094
-0.745117
-0.744141
-0.743164
-0.742188
-0.741211
-0.740234
-0.739258
-0.738281
-0.737305
-0.736328
-0.735352
-0.734375
-0.733398
-0.732422
-0.731445
-0.730469
-0.729492
-0.728516
-0.727539
-0.726563
-0.725586
-0.724609
-0.723633
-0.722656
-0.72168
-0.720703
-0.719727
-0.71875
-0.717773
-0.716797
-0.71582
-0.714844
-0.713867
-0.712891
-0.711914
-0.710938
-0.709961
-0.708984
-0.708008
-0.707031
-0.706055
-0.705078
-0.704102
-0.703125
-0.702148
-0.701172
-0.700195
-0.699219
-0.698242
-0.697266
-0.696289
-0.695312
-0.694336
-0.693359
-0.692383
-0.691406
-0.69043
-0.689453
-0.688477
-0.6875
-0.686523
-0.685547
-0.68457
-0.683594
-0.682617
-0.681641
-0.680664
-0.679688
-0.678711
-0.677734
-0.676758
-0.675781
-0.674805
-0.673828
-0.672852
-0.671875
-0.670898
-0.669922
-0.668945
-0.667969
-0.666992
-0.666016
-0.665039
-0.664062
-0.663086
-0.662109
-0.661133
-0.660156
-0.65918
-0.658203
-0.657227
-0.65625
-0.655273
-0.654297
-0.65332
-0.652344
-0.651367
-0.650391
-0.649414
-0.648438
-0.647461
-0.646484
-0.645508
-0.644531
-0.643555
-0.642578
-0.641602
-0.640625
-0.639648
-0.638672
-0.637695
-0.636719
-0.635742
-0.634766
-0.633789
-0.632812
-0.631836
-0.630859
-0.629883
-0.628906
-0.62793
-0.626953
-0.625977
-0.625
-0.624023
-0.623047
-0.62207
-0.621094
-0.620117
-0.619141
-0.618164
-0.617188
-0.616211
-0.615234
-0.614258
-0.613281
-0.612305
-0.611328
-0.610352
-0.609375
-0.608398
-0.607422
-0.606445
-0.605469
-0.604492
-0.603516
-0.602539
-0.601563
-0.600586
-0.599609
-0.598633
-0.597656
-0.59668
-0.595703
-0.594727
-0.59375
-0.592773
-0.591797
-0.59082
-0.589844
-0.588867
-0.587891
-0.586914
-0.585938
-0.584961
-0.583984
-0.583008
-0.582031
-0.581055
-0.580078
-0.579102
-0.578125
-0.577148
-0.576172
-0.575195
-0.574219
-0.573242
-0.572266
-0.571289
-0.570313
-0.569336
-0.568359
-0.567383
-0.566406
-0.56543
-0.564453
-0.563477
-0.5625
-0.561523
-0.560547
-0.55957
-0.558594
-0.557617
-0.556641
-0.555664
-0.554687
-0.553711
-0.552734
-0.551758
-0.550781
-0.549805
-0.548828
-0.547852
-0.546875
-0.545898
-0.544922
-0.543945
-0.542969
-0.541992
-0.541016
-0.540039
-0.539063
-0.538086
-0.537109
-0.536133
-0.535156
-0.53418
-0.533203
-0.532227
-0.53125
-0.530273
-0.529297
-0.52832
-0.527344
-0.526367
-0.525391
-0.524414
-0.523437
-0.522461
-0.521484
-0.520508
-0.519531
-0.518555
-0.517578
-0.516602
-0.515625
-0.514648
-0.513672
-0.512695
-0.511719
-0.510742
-0.509766
-0.508789
-0.507813
-0.506836
-0.505859
-0.504883
-0.503906
-0.50293
-0.501953
-0.500977
-0.5
-0.499023
-0.498047
-0.49707
-0.496094
-0.495117
-0.494141
-0.493164
-0.492187
-0.491211
-0.490234
-0.489258
-0.488281
-0.487305
-0.486328
-0.485352
-0.484375
-0.483398
-0.482422
-0.481445
-0.480469
-0.479492
-0.478516
-0.477539
-0.476563
-0.475586
-0.474609
-0.473633
-0.472656
-0.47168
-0.470703
-0.469727
-0.46875
-0.467773
-0.466797
-0.46582
-0.464844
-0.463867
-0.462891
-0.461914
-0.460937
-0.459961
-0.458984
-0.458008
-0.457031
-0.456055
-0.455078
-0.454102
-0.453125
-0.452148
-0.451172
-0.450195
-0.449219
-0.448242
-0.447266
-0.446289
-0.445313
-0.444336
-0.443359
-0.442383
-0.441406
-0.44043
-0.439453
-0.438477
-0.4375
-0.436523
-0.435547
-0.43457
-0.433594
-0.432617
-0.431641
-0.430664
-0.429687
-0.428711
-0.427734
-0.426758
-0.425781
-0.424805
-0.423828
-0.422852
-0.421875
-0.420898
-0.419922
-0.418945
-0.417969
-0.416992
-0.416016
-0.415039
-0.414063
-0.413086
-0.412109
-0.411133
-0.410156
-0.40918
-0.408203
-0.407227
-0.40625
-0.405273
-0.404297
-0.40332
-0.402344
-0.401367
-0.400391
-0.399414
-0.398437
-0.397461
-0.396484
-0.395508
-0.394531
-0.393555
-0.392578
-0.391602
-0.390625
-0.389648
-0.388672
-0.387695
-0.386719
-0.385742
-0.384766
-0.383789
-0.382813
-0.381836
-0.380859
-0.379883
-0.378906
-0.37793
-0.376953
-0.375977
-0.375
-0.374023
-0.373047
-0.37207
-0.371094
-0.370117
-0.369141
-0.368164
-0.367188
-0.366211
-0.365234
-0.364258
-0.363281
-0.362305
-0.361328
-0.360352
-0.359375
-0.358398
-0.357422
-0.356445
-0.355469
-0.354492
-0.353516
-0.352539
-0.351563
-0.350586
-0.349609
-0.348633
-0.347656
-0.34668
-0.345703
-0.344727
-0.34375
-0.342773
-0.341797
-0.34082
-0.339844
-0.338867
-0.337891
-0.336914
-0.335938
-0.334961
-0.333984
-0.333008
-0.332031
-0.331055
-0.330078
-0.329102
-0.328125
-0.327148
-0.326172
-0.325195
-0.324219
-0.323242
-0.322266
-0.321289
-0.320312
-0.319336
-0.318359
-0.317383
-0.316406
-0.31543
-0.314453
-0.313477
-0.3125
-0.311523
-0.310547
-0.30957
-0.308594
-0.307617
-0.306641
-0.305664
-0.304688
-0.303711
-0.302734
-0.301758
-0.300781
-0.299805
-0.298828
-0.297852
-0.296875
-0.295898
-0.294922
-0.293945
-0.292969
-0.291992
-0.291016
-0.290039
-0.289062
-0.288086
-0.287109
-0.286133
-0.285156
-0.28418
-0.283203
-0.282227
-0.28125
-0.280273
-0.279297
-0.27832
-0.277344
-0.276367
-0.275391
-0.274414
-0.273438
-0.272461
-0.271484
-0.270508
-0.269531
-0.268555
-0.267578
-0.266602
-0.265625
-0.264648
-0.263672
-0.262695
-0.261719
-0.260742
-0.259766
-0.258789
-0.257812
-0.256836
-0.255859
-0.254883
-0.253906
-0.25293
-0.251953
-0.250977
-0.25
-0.249023
-0.248047
-0.24707
-0.246094
-0.245117
-0.244141
-0.243164
-0.242188
-0.241211
-0.240234
-0.239258
-0.238281
-0.237305
-0.236328
-0.235352
-0.234375
-0.233398
-0.232422
-0.231445
-0.230469
-0.229492
-0.228516
-0.227539
-0.226562
-0.225586
-0.224609
-0.223633
-0.222656
-0.22168
-0.220703
-0.219727
-0.21875
-0.217773
-0.216797
-0.21582
-0.214844
-0.213867
-0.212891
-0.211914
-0.210938
-0.209961
-0.208984
-0.208008
-0.207031
-0.206055
-0.205078
-0.204102
-0.203125
-0.202148
-0.201172
-0.200195
-0.199219
-0.198242
-0.197266
-0.196289
-0.195312
-0.194336
-0.193359
-0.192383
-0.191406
-0.19043
-0.189453
-0.188477
-0.1875
-0.186523
-0.185547
-0.18457
-0.183594
-0.182617
-0.181641
-0.180664
-0.179688
-0.178711
-0.177734
-0.176758
-0.175781
-0.174805
-0.173828
-0.172852
-0.171875
-0.170898
-0.169922
-0.168945
-0.167969
-0.166992
-0.166016
-0.165039
-0.164062
-0.163086
-0.162109
-0.161133
-0.160156
-0.15918
-0.158203
-0.157227
-0.15625
-0.155273
-0.154297
-0.15332
-0.152344
-0.151367
-0.150391
-0.149414
-0.148438
-0.147461
-0.146484
-0.145508
-0.144531
-0.143555
-0.142578
-0.141602
-0.140625
-0.139648
-0.138672
-0.137695
-0.136719
-0.135742
-0.134766
-0.133789
-0.132812
-0.131836
-0.130859
-0.129883
-0.128906
-0.12793
-0.126953
-0.125977
-0.125
-0.124023
-0.123047
-0.12207
-0.121094
-0.120117
-0.119141
-0.118164
-0.117187
-0.116211
-0.115234
-0.114258
-0.113281
-0.112305
-0.111328
-0.110352
-0.109375
-0.108398
-0.107422
-0.106445
-0.105469
-0.104492
-0.103516
-0.102539
-0.101563
-0.100586
-0.0996094
-0.0986328
-0.0976563
-0.0966797
-0.0957031
-0.0947266
-0.09375
-0.0927734
-0.0917969
-0.0908203
-0.0898438
-0.0888672
-0.0878906
-0.0869141
-0.0859375
-0.0849609
-0.0839844
-0.0830078
-0.0820312
-0.0810547
-0.0800781
-0.0791016
-0.078125
-0.0771484
-0.0761719
-0.0751953
-0.0742187
-0.0732422
-0.0722656
-0.0712891
-0.0703125
-0.0693359
-0.0683594
-0.0673828
-0.0664063
-0.0654297
-0.0644531
-0.0634766
-0.0625
-0.0615234
-0.0605469
-0.0595703
-0.0585937
-0.0576172
-0.0566406
-0.0556641
-0.0546875
-0.0537109
-0.0527344
-0.0517578
-0.0507812
-0.0498047
-0.0488281
-0.0478516
-0.046875
-0.0458984
-0.0449219
-0.0439453
-0.0429688
-0.0419922
-0.0410156
-0.0400391
-0.0390625
-0.0380859
-0.0371094
-0.0361328
-0.0351563
-0.0341797
-0.0332031
-0.0322266
-0.03125
-0.0302734
-0.0292969
-0.0283203
-0.0273437
-0.0263672
-0.0253906
-0.0244141
-0.0234375
-0.0224609
-0.0214844
-0.0205078
-0.0195312
-0.0185547
-0.0175781
-0.0166016
-0.015625
-0.0146484
-0.0136719
-0.0126953
-0.0117188
-0.0107422
-0.00976562
-0.00878906
-0.0078125
-0.00683594
-0.00585937
-0.00488281
-0.00390625
-0.00292969
-0.00195312
-0.000976563
0
0.000976563
0.00195312
0.00292969
0.00390625
0.00488281
0.00585937
0.00683594
0.0078125
0.00878906
0.00976562
0.0107422
0.0117188
0.0126953
0.0136719
0.0146484
0.015625
0.0166016
0.0175781
0.0185547
0.0195312
0.0205078
0.0214844
0.0224609
0.0234375
0.0244141
0.0253906
0.0263672
0.0273437
0.0283203
0.0292969
0.0302734
0.03125
0.0322266
0.0332031
0.0341797
0.0351563
0.0361328
0.0371094
0.0380859
0.0390625
0.0400391
0.0410156
0.0419922
0.0429688
0.0439453
0.0449219
0.0458984
0.046875
0.0478516
0.0488281
0.0498047
0.0507812
0.0517578
0.0527344
0.0537109
0.0546875
0.0556641
0.0566406
0.0576172
0.0585937
0.0595703
0.0605469
0.0615234
0.0625
0.0634766
0.0644531
0.0654297
0.0664063
0.0673828
0.0683594
0.0693359
0.0703125
0.0712891
0.0722656
0.0732422
0.0742187
0.0751953
0.0761719
0.0771484
0.078125
0.0791016
0.0800781
0.0810547
0.0820312
0.0830078
0.0839844
0.0849609
0.0859375
0.0869141
0.0878906
0.0888672
0.0898438
0.0908203
0.0917969
0.0927734
0.09375
0.0947266
0.0957031
0.0966797
0.0976563
0.0986328
0.0996094
0.100586
0.101563
0.102539
0.103516
0.104492
0.105469
0.106445
0.107422
0.108398
0.109375
0.110352
0.111328
0.112305
0.113281
0.114258
0.115234
0.116211
0.117187
0.118164
0.119141
0.120117
0.121094
0.12207
0.123047
0.124023
0.125
0.125977
0.126953
0.12793
0.128906
0.129883
0.130859
0.131836
0.132812
0.133789
0.134766
0.135742
0.136719
0.137695
0.138672
0.139648
0.140625
0.141602
0.142578
0.143555
0.144531
0.145508
0.146484
0.147461
0.148438
0.149414
0.150391
0.151367
0.152344
0.15332
0.154297
0.155273
0.15625
0.157227
0.158203
0.15918
0.160156
0.161133
0.162109
0.163086
0.164062
0.165039
0.166016
0.166992
0.167969
0.168945
0.169922
0.170898
0.171875
0.172852
0.173828
0.174805
0.175781
0.176758
0.177734
0.178711
0.179688
0.180664
0.181641
0.182617
0.183594
0.18457
0.185547
0.186523
0.1875
0.188477
0.189453
0.19043
0.191406
0.192383
0.193359
0.194336
0.195312
0.196289
0.197266
0.198242
0.199219
0.200195
0.201172
0.202148
0.203125
0.204102
0.205078
0.206055
0.207031
0.208008
0.208984
0.209961
0.210938
0.211914
0.212891
0.213867
0.214844
0.21582
0.216797
0.217773
0.21875
0.219727
0.220703
0.22168
0.222656
0.223633
0.224609
0.225586
0.226562
0.227539
0.228516
0.229492
0.230469
0.231445
0.232422
0.233398
0.234375
0.235352
0.236328
0.237305
0.238281
0.239258
0.240234
0.241211
0.242188
0.243164
0.244141
0.245117
0.246094
0.24707
0.248047
0.249023
0.25
0.250977
0.251953
0.25293
0.253906
0.254883
0.255859
0.256836
0.257812
0.258789
0.259766
0.260742
0.261719
0.262695
0.263672
0.264648
0.265625
0.266602
0.267578
0.268555
0.269531
0.270508
0.271484
0.272461
0.273438
0.274414
0.275391
0.276367
0.277344
0.27832
0.279297
0.280273
0.28125
0.282227
0.283203
0.28418
0.285156
0.286133
0.287109
0.288086
0.289062
0.290039
0.291016
0.291992
0.292969
0.293945
0.294922
0.295898
0.296875
0.297852
0.298828
0.299805
0.300781
0.301758
0.302734
0.303711
0.304688
0.305664
0.306641
0.307617
0.308594
0.30957
0.310547
0.311523
0.3125
0.313477
0.314453
0.31543
0.316406
0.317383
0.318359
0.319336
0.320312
0.321289
0.322266
0.323242
0.324219
0.325195
0.326172
0.327148
0.328125
0.329102
0.330078
0.331055
0.332031
0.333008
0.333984
0.334961
0.335938
0.336914
0.337891
0.338867
0.339844
0.34082
0.341797
0.342773
0.34375
0.344727
0.345703
0.34668
0.347656
0.348633
0.349609
0.350586
0.351563
0.352539
0.353516
0.354492
0.355469
0.356445
0.357422
0.358398
0.359375
0.360352
0.361328
0.362305
0.363281
0.364258
0.365234
0.366211
0.367188
0.368164
0.369141
0.370117
0.371094
0.37207
0.373047
0.374023
0.375
0.375977
0.376953
0.37793
0.378906
0.379883
0.380859
0.381836
0.382813
0.383789
0.384766
0.385742
0.386719
0.387695
0.388672
0.389648
0.390625
0.391602
0.392578
0.393555
0.394531
0.395508
0.396484
0.397461
0.398437
0.399414
0.400391
0.401367
0.402344
0.40332
0.404297
0.405273
0.40625
0.407227
0.408203
0.40918
0.410156
0.411133
0.412109
0.413086
0.414063
0.415039
0.416016
0.416992
0.417969
0.418945
0.419922
0.420898
0.421875
0.422852
0.423828
0.424805
0.425781
0.426758
0.427734
0.428711
0.429687
0.430664
0.431641
0.432617
0.433594
0.43457
0.435547
0.436523
0.4375
0.438477
0.439453
0.44043
0.441406
0.442383
0.443359
0.444336
0.445313
0.446289
0.447266
0.448242
0.449219
0.450195
0.451172
0.452148
0.453125
0.454102
0.455078
0.456055
0.457031
0.458008
0.458984
0.459961
0.460937
0.461914
0.462891
0.463867
0.464844
0.46582
0.466797
0.467773
0.46875
0.469727
0.470703
0.47168
0.472656
0.473633
0.474609
0.475586
0.476563
0.477539
0.478516
0.479492
0.480469
0.481445
0.482422
0.483398
0.484375
0.485352
0.486328
0.487305
0.488281
0.489258
0.490234
0.491211
0.492187
0.493164
0.494141
0.495117
0.496094
0.49707
0.498047
0.499023
0.5
0.500977
0.501953
0.50293
0.503906
0.504883
0.505859
0.506836
0.507813
0.508789
0.509766
0.510742
0.511719
0.512695
0.513672
0.514648
0.515625
0.516602
0.517578
0.518555
0.519531
0.520508
0.521484
0.522461
0.523437
0.524414
0.525391
0.526367
0.527344
0.52832
0.529297
0.530273
0.53125
0.532227
0.533203
0.53418
0.535156
0.536133
0.537109
0.538086
0.539063
0.540039
0.541016
0.541992
0.542969
0.543945
0.544922
0.545898
0.546875
0.547852
0.548828
0.549805
0.550781
0.551758
0.552734
0.553711
0.554687
0.555664
0.556641
0.557617
0.558594
0.55957
0.560547
0.561523
0.5625
0.563477
0.564453
0.56543
0.566406
0.567383
0.568359
0.569336
0.570313
0.571289
0.572266
0.573242
0.574219
0.575195
0.576172
0.577148
0.578125
0.579102
0.580078
0.581055
0.582031
0.583008
0.583984
0.584961
0.585938
0.586914
0.587891
0.588867
0.589844
0.59082
0.591797
0.592773
0.59375
0.594727
0.595703
0.59668
0.597656
0.598633
0.599609
0.600586
0.601563
0.602539
0.603516
0.604492
0.605469
0.606445
0.607422
0.608398
0.609375
0.610352
0.611328
0.612305
0.613281
0.614258
0.615234
0.616211
0.617188
0.618164
0.619141
0.620117
0.621094
0.62207
0.623047
0.624023
0.625
0.625977
0.626953
0.62793
0.628906
0.629883
0.630859
0.631836
0.632812
0.633789
0.634766
0.635742
0.636719
0.637695
0.638672
0.639648
0.640625
0.641602
0.642578
0.643555
0.644531
0.645508
0.646484
0.647461
0.648438
0.649414
0.650391
0.651367
0.652344
0.65332
0.654297
0.655273
0.65625
0.657227
0.658203
0.65918
0.660156
0.661133
0.662109
0.663086
0.664062
0.665039
0.666016
0.666992
0.667969
0.668945
0.669922
0.670898
0.671875
0.672852
0.673828
0.674805
0.675781
0.676758
0.677734
0.678711
0.679688
0.680664
0.681641
0.682617
0.683594
0.68457
0.685547
0.686523
0.6875
0.688477
0.689453
0.69043
0.691406
0.692383
0.693359
0.694336
0.695312
0.696289
0.697266
0.698242
0.699219
0.700195
0.701172
0.702148
0.703125
0.704102
0.705078
0.706055
0.707031
0.708008
0.708984
0.709961
0.710938
0.711914
0.712891
0.713867
0.714844
0.71582
0.716797
0.717773
0.71875
0.719727
0.720703
0.72168
0.722656
0.723633
0.724609
0.725586
0.726562
0.727539
0.728516
0.729492
0.730469
0.731445
0.732422
0.733398
0.734375
0.735352
0.736328
0.737305
0.738281
0.739258
0.740234
0.741211
0.742188
0.743164
0.744141
0.745117
0.746094
0.74707
0.748047
0.749023
0.75
0.750977
0.751953
0.75293
0.753906
0.754883
0.755859
0.756836
0.757812
0.758789
0.759766
0.760742
0.761719
0.762695
0.763672
0.764648
0.765625
0.766602
0.767578
0.768555
0.769531
0.770508
0.771484
0.772461
0.773438
0.774414
0.775391
0.776367
0.777344
0.77832
0.779297
0.780273
0.78125
0.782227
0.783203
0.78418
0.785156
0.786133
0.787109
0.788086
0.789062
0.790039
0.791016
0.791992
0.792969
0.793945
0.794922
0.795898
0.796875
0.797852
0.798828
0.799805
0.800781
0.801758
0.802734
0.803711
0.804688
0.805664
0.806641
0.807617
0.808594
0.80957
0.810547
0.811523
0.8125
0.813477
0.814453
0.81543
0.816406
0.817383
0.818359
0.819336
0.820313
0.821289
0.822266
0.823242
0.824219
0.825195
0.826172
0.827148
0.828125
0.829102
0.830078
0.831055
0.832031
0.833008
0.833984
0.834961
0.835938
0.836914
0.837891
0.838867
0.839844
0.84082
0.841797
0.842773
0.84375
0.844727
0.845703
0.84668
0.847656
0.848633
0.849609
0.850586
0.851563
0.852539
0.853516
0.854492
0.855469
0.856445
0.857422
0.858398
0.859375
0.860352
0.861328
0.862305
0.863281
0.864258
0.865234
0.866211
0.867188
0.868164
0.869141
0.870117
0.871094
0.87207
0.873047
0.874023
0.875
0.875977
0.876953
0.87793
0.878906
0.879883
0.880859
0.881836
0.882813
0.883789
0.884766
0.885742
0.886719
0.887695
0.888672
0.889648
0.890625
0.891602
0.892578
0.893555
0.894531
0.895508
0.896484
0.897461
0.898437
0.899414
0.900391
0.901367
0.902344
0.90332
0.904297
0.905273
0.90625
0.907227
0.908203
0.90918
0.910156
0.911133
0.912109
0.913086
0.914063
0.915039
0.916016
0.916992
0.917969
0.918945
0.919922
0.920898
0.921875
0.922852
0.923828
0.924805
0.925781
0.926758
0.927734
0.928711
0.929687
0.930664
0.931641
0.932617
0.933594
0.93457
0.935547
0.936523
0.9375
0.938477
0.939453
0.94043
0.941406
0.942383
0.943359
0.944336
0.945313
0.946289
0.947266
0.948242
0.949219
0.950195
0.951172
0.952148
0.953125
0.954102
0.955078
0.956055
0.957031
0.958008
0.958984
0.959961
0.960937
0.961914
0.962891
0.963867
0.964844
0.96582
0.966797
0.967773
0.96875
0.969727
0.970703
0.97168
0.972656
0.973633
0.974609
0.975586
0.976563
0.977539
0.978516
0.979492
0.980469
0.981445
0.982422
0.983398
0.984375
0.985352
0.986328
0.987305
0.988281
0.989258
0.990234
0.991211
0.992187
0.993164
0.994141
0.995117
0.996094
0.99707
0.998047
0.999023
1
1.00098
1.00195
1.00293
1.00391
1.00488
1.00586
1.00684
1.00781
1.00879
1.00977
1.01074
1.01172
1.0127
1.01367
1.01465
1.01562
1.0166
1.01758
1.01855
1.01953
1.02051
1.02148
1.02246
1.02344
1.02441
1.02539
1.02637
1.02734
1.02832
1.0293
1.03027
1.03125
1.03223
1.0332
1.03418
1.03516
1.03613
1.03711
1.03809
1.03906
1.04004
1.04102
1.04199
1.04297
1.04395
1.04492
1.0459
1.04687
1.04785
1.04883
1.0498
1.05078
1.05176
1.05273
1.05371
1.05469
1.05566
1.05664
1.05762
1.05859
1.05957
1.06055
1.06152
1.0625
1.06348
1.06445
1.06543
1.06641
1.06738
1.06836
1.06934
1.07031
1.07129
1.07227
1.07324
1.07422
1.0752
1.07617
1.07715
1.07812
1.0791
1.08008
1.08105
1.08203
1.08301
1.08398
1.08496
1.08594
1.08691
1.08789
1.08887
1.08984
1.09082
1.0918
1.09277
1.09375
1.09473
1.0957
1.09668
1.09766
1.09863
1.09961
1.10059
1.10156
1.10254
1.10352
1.10449
1.10547
1.10645
1.10742
1.1084
1.10937
1.11035
1.11133
1.1123
1.11328
1.11426
1.11523
1.11621
1.11719
1.11816
1.11914
1.12012
1.12109
1.12207
1.12305
1.12402
1.125
1.12598
1.12695
1.12793
1.12891
1.12988
1.13086
1.13184
1.13281
1.13379
1.13477
1.13574
1.13672
1.1377
1.13867
1.13965
1.14063
1.1416
1.14258
1.14355
1.14453
1.14551
1.14648
1.14746
1.14844
1.14941
1.15039
1.15137
1.15234
1.15332
1.1543
1.15527
1.15625
1.15723
1.1582
1.15918
1.16016
1.16113
1.16211
1.16309
1.16406
1.16504
1.16602
1.16699
1.16797
1.16895
1.16992
1.1709
1.17188
1.17285
1.17383
1.1748
1.17578
1.17676
1.17773
1.17871
1.17969
1.18066
1.18164
1.18262
1.18359
1.18457
1.18555
1.18652
1.1875
1.18848
1.18945
1.19043
1.19141
1.19238
1.19336
1.19434
1.19531
1.19629
1.19727
1.19824
1.19922
1.2002
1.20117
1.20215
1.20313
1.2041
1.20508
1.20605
1.20703
1.20801
1.20898
1.20996
1.21094
1.21191
1.21289
1.21387
1.21484
1.21582
1.2168
1.21777
1.21875
1.21973
1.2207
1.22168
1.22266
1.22363
1.22461
1.22559
1.22656
1.22754
1.22852
1.22949
1.23047
1.23145
1.23242
1.2334
1.23438
1.23535
1.23633
1.2373
1.23828
1.23926
1.24023
1.24121
1.24219
1.24316
1.24414
1.24512
1.24609
1.24707
1.24805
1.24902
1.25
1.25098
1.25195
1.25293
1.25391
1.25488
1.25586
1.25684
1.25781
1.25879
1.25977
1.26074
1.26172
1.2627
1.26367
1.26465
1.26563
1.2666
1.26758
1.26855
1.26953
1.27051
1.27148
1.27246
1.27344
1.27441
1.27539
1.27637
1.27734
1.27832
1.2793
1.28027
1.28125
1.28223
1.2832
1.28418
1.28516
1.28613
1.28711
1.28809
1.28906
1.29004
1.29102
1.29199
1.29297
1.29395
1.29492
1.2959
1.29688
1.29785
1.29883
1.2998
1.30078
1.30176
1.30273
1.30371
1.30469
1.30566
1.30664
1.30762
1.30859
1.30957
1.31055
1.31152
1.3125
1.31348
1.31445
1.31543
1.31641
1.31738
1.31836
1.31934
1.32031
1.32129
1.32227
1.32324
1.32422
1.3252
1.32617
1.32715
1.32813
1.3291
1.33008
1.33105
1.33203
1.33301
1.33398
1.33496
1.33594
1.33691
1.33789
1.33887
1.33984
1.34082
1.3418
1.34277
1.34375
1.34473
1.3457
1.34668
1.34766
1.34863
1.34961
1.35059
1.35156
1.35254
1.35352
1.35449
1.35547
1.35645
1.35742
1.3584
1.35938
1.36035
1.36133
1.3623
1.36328
1.36426
1.36523
1.36621
1.36719
1.36816
1.36914
1.37012
1.37109
1.37207
1.37305
1.37402
1.375
1.37598
1.37695
1.37793
1.37891
1.37988
1.38086
1.38184
1.38281
1.38379
1.38477
1.38574
1.38672
1.3877
1.38867
1.38965
1.39063
1.3916
1.39258
1.39355
1.39453
1.39551
1.39648
1.39746
1.39844
1.39941
1.40039
1.40137
1.40234
1.40332
1.4043
1.40527
1.40625
1.40723
1.4082
1.40918
1.41016
1.41113
1.41211
1.41309
1.41406
1.41504
1.41602
1.41699
1.41797
1.41895
1.41992
1.4209
1.42188
1.42285
1.42383
1.4248
1.42578
1.42676
1.42773
1.42871
1.42969
1.43066
1.43164
1.43262
1.43359
1.43457
1.43555
1.43652
1.4375
1.43848
1.43945
1.44043
1.44141
1.44238
1.44336
1.44434
1.44531
1.44629
1.44727
1.44824
1.44922
1.4502
1.45117
1.45215
1.45313
1.4541
1.45508
1.45605
1.45703
1.45801
1.45898
1.45996
1.46094
1.46191
1.46289
1.46387
1.46484
1.46582
1.4668
1.46777
1.46875
1.46973
1.4707
1.47168
1.47266
1.47363
1.47461
1.47559
1.47656
1.47754
1.47852
1.47949
1.48047
1.48145
1.48242
1.4834
1.48438
1.48535
1.48633
1.4873
1.48828
1.48926
1.49023
1.49121
1.49219
1.49316
1.49414
1.49512
1.49609
1.49707
1.49805
1.49902
1.5
1.50098
1.50195
1.50293
1.50391
1.50488
1.50586
1.50684
1.50781
1.50879
1.50977
1.51074
1.51172
1.5127
1.51367
1.51465
1.51562
1.5166
1.51758
1.51855
1.51953
1.52051
1.52148
1.52246
1.52344
1.52441
1.52539
1.52637
1.52734
1.52832
1.5293
1.53027
1.53125
1.53223
1.5332
1.53418
1.53516
1.53613
1.53711
1.53809
1.53906
1.54004
1.54102
1.54199
1.54297
1.54395
1.54492
1.5459
1.54687
1.54785
1.54883
1.5498
1.55078
1.55176
1.55273
1.55371
1.55469
1.55566
1.55664
1.55762
1.55859
1.55957
1.56055
1.56152
1.5625
1.56348
1.56445
1.56543
1.56641
1.56738
1.56836
1.56934
1.57031
1.57129
1.57227
1.57324
1.57422
1.5752
1.57617
1.57715
1.57812
1.5791
1.58008
1.58105
1.58203
1.58301
1.58398
1.58496
1.58594
1.58691
1.58789
1.58887
1.58984
1.59082
1.5918
1.59277
1.59375
1.59473
1.5957
1.59668
1.59766
1.59863
1.59961
1.60059
1.60156
1.60254
1.60352
1.60449
1.60547
1.60645
1.60742
1.6084
1.60938
1.61035
1.61133
1.6123
1.61328
1.61426
1.61523
1.61621
1.61719
1.61816
1.61914
1.62012
1.62109
1.62207
1.62305
1.62402
1.625
1.62598
1.62695
1.62793
1.62891
1.62988
1.63086
1.63184
1.63281
1.63379
1.63477
1.63574
1.63672
1.6377
1.63867
1.63965
1.64063
1.6416
1.64258
1.64355
1.64453
1.64551
1.64648
1.64746
1.64844
1.64941
1.65039
1.65137
1.65234
1.65332
1.6543
1.65527
1.65625
1.65723
1.6582
1.65918
1.66016
1.66113
1.66211
1.66309
1.66406
1.66504
1.66602
1.66699
1.66797
1.66895
1.66992
1.6709
1.67188
1.67285
1.67383
1.6748
1.67578
1.67676
1.67773
1.67871
1.67969
1.68066
1.68164
1.68262
1.68359
1.68457
1.68555
1.68652
1.6875
1.68848
1.68945
1.69043
1.69141
1.69238
1.69336
1.69434
1.69531
1.69629
1.69727
1.69824
1.69922
1.7002
1.70117
1.70215
1.70313
1.7041
1.70508
1.70605
1.70703
1.70801
1.70898
1.70996
1.71094
1.71191
1.71289
1.71387
1.71484
1.71582
1.7168
1.71777
1.71875
1.71973
1.7207
1.72168
1.72266
1.72363
1.72461
1.72559
1.72656
1.72754
1.72852
1.72949
1.73047
1.73145
1.73242
1.7334
1.73438
1.73535
1.73633
1.7373
1.73828
1.73926
1.74023
1.74121
1.74219
1.74316
1.74414
1.74512
1.74609
1.74707
1.74805
1.74902
1.75
1.75098
1.75195
1.75293
1.75391
1.75488
1.75586
1.75684
1.75781
1.75879
1.75977
1.76074
1.76172
1.7627
1.76367
1.76465
1.76563
1.7666
1.76758
1.76855
1.76953
1.77051
1.77148
1.77246
1.77344
1.77441
1.77539
1.77637
1.77734
1.77832
1.7793
1.78027
1.78125
1.78223
1.7832
1.78418
1.78516
1.78613
1.78711
1.78809
1.78906
1.79004
1.79102
1.79199
1.79297
1.79395
1.79492
1.7959
1.79687
1.79785
1.79883
1.7998
1.80078
1.80176
1.80273
1.80371
1.80469
1.80566
1.80664
1.80762
1.80859
1.80957
1.81055
1.81152
1.8125
1.81348
1.81445
1.81543
1.81641
1.81738
1.81836
1.81934
1.82031
1.82129
1.82227
1.82324
1.82422
1.8252
1.82617
1.82715
1.82813
1.8291
1.83008
1.83105
1.83203
1.83301
1.83398
1.83496
1.83594
1.83691
1.83789
1.83887
1.83984
1.84082
1.8418
1.84277
1.84375
1.84473
1.8457
1.84668
1.84766
1.84863
1.84961
1.85059
1.85156
1.85254
1.85352
1.85449
1.85547
1.85645
1.85742
1.8584
1.85937
1.86035
1.86133
1.8623
1.86328
1.86426
1.86523
1.86621
1.86719
1.86816
1.86914
1.87012
1.87109
1.87207
1.87305
1.87402
1.875
1.87598
1.87695
1.87793
1.87891
1.87988
1.88086
1.88184
1.88281
1.88379
1.88477
1.88574
1.88672
1.8877
1.88867
1.88965
1.89063
1.8916
1.89258
1.89355
1.89453
1.89551
1.89648
1.89746
1.89844
1.89941
1.90039
1.90137
1.90234
1.90332
1.9043
1.90527
1.90625
1.90723
1.9082
1.90918
1.91016
1.91113
1.91211
1.91309
1.91406
1.91504
1.91602
1.91699
1.91797
1.91895
1.91992
1.9209
1.92187
1.92285
1.92383
1.9248
1.92578
1.92676
1.92773
1.92871
1.92969
1.93066
1.93164
1.93262
1.93359
1.93457
1.93555
1.93652
1.9375
1.93848
1.93945
1.94043
1.94141
1.94238
1.94336
1.94434
1.94531
1.94629
1.94727
1.94824
1.94922
1.9502
1.95117
1.95215
1.95313
1.9541
1.95508
1.95605
1.95703
1.95801
1.95898
1.95996
1.96094
1.96191
1.96289
1.96387
1.96484
1.96582
1.9668
1.96777
1.96875
1.96973
1.9707
1.97168
1.97266
1.97363
1.97461
1.97559
1.97656
1.97754
1.97852
1.97949
1.98047
1.98145
1.98242
1.9834
1.98437
1.98535
1.98633
1.9873
1.98828
1.98926
1.99023
1.99121
1.99219
1.99316
1.99414
1.99512
1.99609
1.99707
1.99805
1.99902
2
2.00098
2.00195
2.00293
2.00391
2.00488
2.00586
2.00684
2.00781
2.00879
2.00977
2.01074
2.01172
2.0127
2.01367
2.01465
2.01563
2.0166
2.01758
2.01855
2.01953
2.02051
2.02148
2.02246
2.02344
2.02441
2.02539
2.02637
2.02734
2.02832
2.0293
2.03027
2.03125
2.03223
2.0332
2.03418
2.03516
2.03613
2.03711
2.03809
2.03906
2.04004
2.04102
2.04199
2.04297
2.04395
2.04492
2.0459
2.04688
2.04785
2.04883
2.0498
2.05078
2.05176
2.05273
2.05371
2.05469
2.05566
2.05664
2.05762
2.05859
2.05957
2.06055
2.06152
2.0625
2.06348
2.06445
2.06543
2.06641
2.06738
2.06836
2.06934
2.07031
2.07129
2.07227
2.07324
2.07422
2.0752
2.07617
2.07715
2.07813
2.0791
2.08008
2.08105
2.08203
2.08301
2.08398
2.08496
2.08594
2.08691
2.08789
2.08887
2.08984
2.09082
2.0918
2.09277
2.09375
2.09473
2.0957
2.09668
2.09766
2.09863
2.09961
2.10059
2.10156
2.10254
2.10352
2.10449
2.10547
2.10645
2.10742
2.1084
2.10938
2.11035
2.11133
2.1123
2.11328
2.11426
2.11523
2.11621
2.11719
2.11816
2.11914
2.12012
2.12109
2.12207
2.12305
2.12402
2.125
2.12598
2.12695
2.12793
2.12891
2.12988
2.13086
2.13184
2.13281
2.13379
2.13477
2.13574
2.13672
2.1377
2.13867
2.13965
2.14063
2.1416
2.14258
2.14355
2.14453
2.14551
2.14648
2.14746
2.14844
2.14941
2.15039
2.15137
2.15234
2.15332
2.1543
2.15527
2.15625
2.15723
2.1582
2.15918
2.16016
2.16113
2.16211
2.16309
2.16406
2.16504
2.16602
2.16699
2.16797
2.16895
2.16992
2.1709
2.17188
2.17285
2.17383
2.1748
2.17578
2.17676
2.17773
2.17871
2.17969
2.18066
2.18164
2.18262
2.18359
2.18457
2.18555
2.18652
2.1875
2.18848
2.18945
2.19043
2.19141
2.19238
2.19336
2.19434
2.19531
2.19629
2.19727
2.19824
2.19922
2.2002
2.20117
2.20215
2.20313
2.2041
2.20508
2.20605
2.20703
2.20801
2.20898
2.20996
2.21094
2.21191
2.21289
2.21387
2.21484
2.21582
2.2168
2.21777
2.21875
2.21973
2.2207
2.22168
2.22266
2.22363
2.22461
2.22559
2.22656
2.22754
2.22852
2.22949
2.23047
2.23145
2.23242
2.2334
2.23438
2.23535
2.23633
2.2373
2.23828
2.23926
2.24023
2.24121
2.24219
2.24316
2.24414
2.24512
2.24609
2.24707
2.24805
2.24902
2.25
2.25098
2.25195
2.25293
2.25391
2.25488
2.25586
2.25684
2.25781
2.25879
2.25977
2.26074
2.26172
2.2627
2.26367
2.26465
2.26562
2.2666
2.26758
2.26855
2.26953
2.27051
2.27148
2.27246
2.27344
2.27441
2.27539
2.27637
2.27734
2.27832
2.2793
2.28027
2.28125
2.28223
2.2832
2.28418
2.28516
2.28613
2.28711
2.28809
2.28906
2.29004
2.29102
2.29199
2.29297
2.29395
2.29492
2.2959
2.29688
2.29785
2.29883
2.2998
2.30078
2.30176
2.30273
2.30371
2.30469
2.30566
2.30664
2.30762
2.30859
2.30957
2.31055
2.31152
2.3125
2.31348
2.31445
2.31543
2.31641
2.31738
2.31836
2.31934
2.32031
2.32129
2.32227
2.32324
2.32422
2.3252
2.32617
2.32715
2.32812
2.3291
2.33008
2.33105
2.33203
2.33301
2.33398
2.33496
2.33594
2.33691
2.33789
2.33887
2.33984
2.34082
2.3418
2.34277
2.34375
2.34473
2.3457
2.34668
2.34766
2.34863
2.34961
2.35059
2.35156
2.35254
2.35352
2.35449
2.35547
2.35645
2.35742
2.3584
2.35938
2.36035
2.36133
2.3623
2.36328
2.36426
2.36523
2.36621
2.36719
2.36816
2.36914
2.37012
2.37109
2.37207
2.37305
2.37402
2.375
2.37598
2.37695
2.37793
2.37891
2.37988
2.38086
2.38184
2.38281
2.38379
2.38477
2.38574
2.38672
2.3877
2.38867
2.38965
2.39062
2.3916
2.39258
2.39355
2.39453
2.39551
2.39648
2.39746
2.39844
2.39941
2.40039
2.40137
2.40234
2.40332
2.4043
2.40527
2.40625
2.40723
2.4082
2.40918
2.41016
2.41113
2.41211
2.41309
2.41406
2.41504
2.41602
2.41699
2.41797
2.41895
2.41992
2.4209
2.42188
2.42285
2.42383
2.4248
2.42578
2.42676
2.42773
2.42871
2.42969
2.43066
2.43164
2.43262
2.43359
2.43457
2.43555
2.43652
2.4375
2.43848
2.43945
2.44043
2.44141
2.44238
2.44336
2.44434
2.44531
2.44629
2.44727
2.44824
2.44922
2.4502
2.45117
2.45215
2.45312
2.4541
2.45508
2.45605
2.45703
2.45801
2.45898
2.45996
2.46094
2.46191
2.46289
2.46387
2.46484
2.46582
2.4668
2.46777
2.46875
2.46973
2.4707
2.47168
2.47266
2.47363
2.47461
2.47559
2.47656
2.47754
2.47852
2.47949
2.48047
2.48145
2.48242
2.4834
2.48438
2.48535
2.48633
2.4873
2.48828
2.48926
2.49023
2.49121
2.49219
2.49316
2.49414
2.49512
2.49609
2.49707
2.49805
2.49902
2.5
2.50098
2.50195
2.50293
2.50391
2.50488
2.50586
2.50684
2.50781
2.50879
2.50977
2.51074
2.51172
2.5127
2.51367
2.51465
2.51562
2.5166
2.51758
2.51855
2.51953
2.52051
2.52148
2.52246
2.52344
2.52441
2.52539
2.52637
2.52734
2.52832
2.5293
2.53027
2.53125
2.53223
2.5332
2.53418
2.53516
2.53613
2.53711
2.53809
2.53906
2.54004
2.54102
2.54199
2.54297
2.54395
2.54492
2.5459
2.54688
2.54785
2.54883
2.5498
2.55078
2.55176
2.55273
2.55371
2.55469
2.55566
2.55664
2.55762
2.55859
2.55957
2.56055
2.56152
2.5625
2.56348
2.56445
2.56543
2.56641
2.56738
2.56836
2.56934
2.57031
2.57129
2.57227
2.57324
2.57422
2.5752
2.57617
2.57715
2.57813
2.5791
2.58008
2.58105
2.58203
2.58301
2.58398
2.58496
2.58594
2.58691
2.58789
2.58887
2.58984
2.59082
2.5918
2.59277
2.59375
2.59473
2.5957
2.59668
2.59766
2.59863
2.59961
2.60059
2.60156
2.60254
2.60352
2.60449
2.60547
2.60645
2.60742
2.6084
2.60938
2.61035
2.61133
2.6123
2.61328
2.61426
2.61523
2.61621
2.61719
2.61816
2.61914
2.62012
2.62109
2.62207
2.62305
2.62402
2.625
2.62598
2.62695
2.62793
2.62891
2.62988
2.63086
2.63184
2.63281
2.63379
2.63477
2.63574
2.63672
2.6377
2.63867
2.63965
2.64063
2.6416
2.64258
2.64355
2.64453
2.64551
2.64648
2.64746
2.64844
2.64941
2.65039
2.65137
2.65234
2.65332
2.6543
2.65527
2.65625
2.65723
2.6582
2.65918
2.66016
2.66113
2.66211
2.66309
2.66406
2.66504
2.66602
2.66699
2.66797
2.66895
2.66992
2.6709
2.67188
2.67285
2.67383
2.6748
2.67578
2.67676
2.67773
2.67871
2.67969
2.68066
2.68164
2.68262
2.68359
2.68457
2.68555
2.68652
2.6875
2.68848
2.68945
2.69043
2.69141
2.69238
2.69336
2.69434
2.69531
2.69629
2.69727
2.69824
2.69922
2.7002
2.70117
2.70215
2.70313
2.7041
2.70508
2.70605
2.70703
2.70801
2.70898
2.70996
2.71094
2.71191
2.71289
2.71387
2.71484
2.71582
2.7168
2.71777
2.71875
2.71973
2.7207
2.72168
2.72266
2.72363
2.72461
2.72559
2.72656
2.72754
2.72852
2.72949
2.73047
2.73145
2.73242
2.7334
2.73438
2.73535
2.73633
2.7373
2.73828
2.73926
2.74023
2.74121
2.74219
2.74316
2.74414
2.74512
2.74609
2.74707
2.74805
2.74902
2.75
2.75098
2.75195
2.75293
2.75391
2.75488
2.75586
2.75684
2.75781
2.75879
2.75977
2.76074
2.76172
2.7627
2.76367
2.76465
2.76563
2.7666
2.76758
2.76855
2.76953
2.77051
2.77148
2.77246
2.77344
2.77441
2.77539
2.77637
2.77734
2.77832
2.7793
2.78027
2.78125
2.78223
2.7832
2.78418
2.78516
2.78613
2.78711
2.78809
2.78906
2.79004
2.79102
2.79199
2.79297
2.79395
2.79492
2.7959
2.79687
2.79785
2.79883
2.7998
2.80078
2.80176
2.80273
2.80371
2.80469
2.80566
2.80664
2.80762
2.80859
2.80957
2.81055
2.81152
2.8125
2.81348
2.81445
2.81543
2.81641
2.81738
2.81836
2.81934
2.82031
2.82129
2.82227
2.82324
2.82422
2.8252
2.82617
2.82715
2.82813
2.8291
2.83008
2.83105
2.83203
2.83301
2.83398
2.83496
2.83594
2.83691
2.83789
2.83887
2.83984
2.84082
2.8418
2.84277
2.84375
2.84473
2.8457
2.84668
2.84766
2.84863
2.84961
2.85059
2.85156
2.85254
2.85352
2.85449
2.85547
2.85645
2.85742
2.8584
2.85937
2.86035
2.86133
2.8623
2.86328
2.86426
2.86523
2.86621
2.86719
2.86816
2.86914
2.87012
2.87109
2.87207
2.87305
2.87402
2.875
2.87598
2.87695
2.87793
2.87891
2.87988
2.88086
2.88184
2.88281
2.88379
2.88477
2.88574
2.88672
2.8877
2.88867
2.88965
2.89063
2.8916
2.89258
2.89355
2.89453
2.89551
2.89648
2.89746
2.89844
2.89941
2.90039
2.90137
2.90234
2.90332
2.9043
2.90527
2.90625
2.90723
2.9082
2.90918
2.91016
2.91113
2.91211
2.91309
2.91406
2.91504
2.91602
2.91699
2.91797
2.91895
2.91992
2.9209
2.92187
2.92285
2.92383
2.9248
2.92578
2.92676
2.92773
2.92871
2.92969
2.93066
2.93164
2.93262
2.93359
2.93457
2.93555
2.93652
2.9375
2.93848
2.93945
2.94043
2.94141
2.94238
2.94336
2.94434
2.94531
2.94629
2.94727
2.94824
2.94922
2.9502
2.95117
2.95215
2.95313
2.9541
2.95508
2.95605
2.95703
2.95801
2.95898
2.95996
2.96094
2.96191
2.96289
2.96387
2.96484
2.96582
2.9668
2.96777
2.96875
2.96973
2.9707
2.97168
2.97266
2.97363
2.97461
2.97559
2.97656
2.97754
2.97852
2.97949
2.98047
2.98145
2.98242
2.9834
2.98437
2.98535
2.98633
2.9873
2.98828
2.98926
2.99023
2.99121
2.99219
2.99316
2.99414
2.99512
2.99609
2.99707
2.99805
2.99902
