1
1.00389
1.00781
1.01175
1.01573
1.01975
1.02379
1.02786
1.03197
1.03611
1.04029
1.04449
1.04874
1.05301
1.05732
1.06167
1.06605
1.07047
1.07493
1.07942
1.08395
1.08852
1.09313
1.09778
1.10246
1.10719
1.11196
1.11677
1.12162
1.12651
1.13145
1.13643
1.14145
1.14652
1.15163
1.15679
1.162
1.16725
1.17255
1.1779
1.18329
1.18874
1.19424
1.19979
1.20539
1.21104
1.21675
1.22251
1.22832
1.23419
1.24012
1.24611
1.25215
1.25825
1.26441
1.27063
1.27692
1.28326
1.28967
1.29614
1.30268
1.30929
1.31596
1.3227
1.32951
1.33639
1.34334
1.35037
1.35747
1.36464
1.37189
1.37922
1.38662
1.39411
1.40168
1.40933
1.41706
1.42488
1.43279
1.44078
1.44886
1.45704
1.46531
1.47367
1.48213
1.49068
1.49934
1.50809
1.51695
1.52592
1.53499
1.54417
1.55346
1.56286
1.57238
1.58201
1.59176
1.60163
1.61163
1.62175
1.632
1.64238
1.65289
1.66354
1.67433
1.68525
1.69632
1.70754
1.71891
1.73043
1.7421
1.75393
1.76593
1.77809
1.79042
1.80292
1.81559
1.82845
1.84149
1.85471
1.86813
1.88175
1.89556
1.90958
1.9238
1.93824
1.9529
1.96778
1.98289
1.99824
2.01382
2.02965
2.04573
2.06206
2.07866
2.09553
2.11268
2.1301
2.14782
2.16584
2.18415
2.20279
2.22174
2.24102
2.26064
2.2806
2.30092
2.32161
2.34267
2.36412
2.38596
2.40822
2.43089
2.45399
2.47753
2.50153
2.526
2.55096
2.57641
2.60237
2.62887
2.6559
2.6835
2.71168
2.74046
2.76986
2.79989
2.83058
2.86195
2.89403
2.92683
2.96038
2.99472
3.02985
3.06583
3.10266
3.14039
3.17906
3.21868
3.25931
3.30097
3.34371
3.38758
3.43261
3.47885
3.52636
3.57518
3.62538
3.677
3.73012
3.78479
3.84108
3.89908
3.95886
4.0205
4.08408
4.14972
4.21749
4.28752
4.35991
4.43478
4.51228
4.59253
4.67568
4.7619
4.85137
4.94426
5.04077
5.14113
5.24556
5.35433
5.4677
5.58598
5.70949
5.83858
5.97365
6.11511
6.26343
6.41913
6.58277
6.75497
6.93642
7.12788
7.33022
7.54438
7.77143
8.01257
8.26915
8.54271
8.83499
9.14798
9.48396
9.84556
10.2358
10.6583
11.1172
11.6173
12.1646
12.766
13.4299
14.1667
14.989
15.9126
16.9576
18.1495
19.5215
21.118
22.9989
25.2475
27.9835
31.3846
35.7268
41.4634
49.3947
61.0778
80
